shape_id,shape_pt_lat,shape_pt_lon,shape_pt_sequence
T4ANA,41.387606,2.191928,1
T4ANA,41.387965,2.191456,2
T4ANA,41.388109,2.191262,3
T4ANA,41.389609,2.189281,4
T4ANA,41.390173,2.188524,5
T4ANA,41.391301,2.18705,6
T4ANA,41.391362,2.186996,7
T4ANA,41.391418,2.186956,8
T4ANA,41.391477,2.186932,9
T4ANA,41.391587,2.186909,10
T4ANA,41.391679,2.186902,11
T4ANA,41.391769,2.186901,12
T4ANA,41.391891,2.186903,13
T4ANA,41.392772,2.186903,14
T4ANA,41.393282,2.186907,15
T4ANA,41.394071,2.186914,16
T4ANA,41.394646,2.186913,17
T4ANA,41.394786,2.186911,18
T4ANA,41.394906,2.186903,19
T4ANA,41.395132,2.186879,20
T4ANA,41.395329,2.186866,21
T4ANA,41.395641,2.186867,22
T4ANA,41.396478,2.18687,23
T4ANA,41.396769,2.186873,24
T4ANA,41.397536,2.18688,25
T4ANA,41.398235,2.186884,26
T4ANA,41.39852,2.186885,27
T4ANA,41.398714,2.18689,28
T4ANA,41.399178,2.186891,29
T4ANA,41.399543,2.186891,30
T4ANA,41.399868,2.186892,31
T4ANA,41.400148,2.186892,32
T4ANA,41.401256,2.186895,33
T4ANA,41.401701,2.186896,34
T4ANA,41.402062,2.186901,35
T4ANA,41.402148,2.186917,36
T4ANA,41.402199,2.18695,37
T4ANA,41.402242,2.186995,38
T4ANA,41.402272,2.187049,39
T4ANA,41.402291,2.187092,40
T4ANA,41.402358,2.187255,41
T4ANA,41.402417,2.187409,42
T4ANA,41.402505,2.187593,43
T4ANA,41.402578,2.18772,44
T4ANA,41.402674,2.187858,45
T4ANA,41.402779,2.187988,46
T4ANA,41.402861,2.188068,47
T4ANA,41.402961,2.188157,48
T4ANA,41.403096,2.18825,49
T4ANA,41.403173,2.188293,50
T4ANA,41.403288,2.188345,51
T4ANA,41.403402,2.188392,52
T4ANA,41.40351,2.188439,53
T4ANA,41.403609,2.188488,54
T4ANA,41.40369,2.188549,55
T4ANA,41.403733,2.188617,56
T4ANA,41.403763,2.188721,57
T4ANA,41.404008,2.189741,58
T4ANA,41.404446,2.191495,59
T4ANA,41.406145,2.198232,60
T4ANA,41.407809,2.204912,61
T4ANA,41.4092,2.210463,62
T4ANA,41.41009,2.214026,63
T4ANA,41.410211,2.214485,64
T4ANA,41.410276,2.214734,65
T4ANA,41.410401,2.215272,66
T4ANA,41.410492,2.215632,67
T4ANA,41.410744,2.216654,68
T4ANA,41.410933,2.217392,69
T4ANA,41.411224,2.218576,70
T4ANA,41.411301,2.21888,71
T4ANA,41.411419,2.219324,72
T4ANA,41.411466,2.219473,73
T4ANA,41.411553,2.219596,74
T4ANA,41.411637,2.219674,75
T4ANA,41.411843,2.219864,76
T4ANA,41.412166,2.220149,77
T4ANA,41.413323,2.221195,78
T4ANA,41.413894,2.22171,79
T4ANA,41.414143,2.221929,80
T4ANA,41.414382,2.222148,81
T4ANA,41.41488,2.222596,82
T4ANA,41.41524,2.222929,83
T4ANA,41.415905,2.223528,84
T4ANA,41.416494,2.22406,85
T4ANA,41.416887,2.224408,86
T4ANA,41.417189,2.224677,87
T4ANA,41.417348,2.224815,88
T4ANA,41.417526,2.224968,89
T4ANA,41.417703,2.225123,90
T4ANA,41.417817,2.225223,91
T4ANA,41.418354,2.225694,92
T4ANA,41.418875,2.226168,93
T4ANA,41.419219,2.226471,94
T4ANA,41.419351,2.22659,95
T4ANA,41.419481,2.226719,96
T4ANA,41.419683,2.226922,97
T4ANA,41.419882,2.227122,98
T4ANA,41.419974,2.227213,99
T4ANA,41.420086,2.227313,100
T4ANA,41.420253,2.227452,101
T4ANA,41.4211,2.228168,102
T4ANA,41.422453,2.229303,103
T4ANA,41.423347,2.230057,104
T4ANA,41.423488,2.230164,105
T4ANA,41.42356,2.230217,106
T4ANA,41.423667,2.230301,107
T4ANA,41.423762,2.230381,108
T4ANA,41.424016,2.230597,109
T4TOR,41.424016,2.230597,1
T4TOR,41.423762,2.230381,2
T4TOR,41.423667,2.230301,3
T4TOR,41.42356,2.230217,4
T4TOR,41.423488,2.230164,5
T4TOR,41.423347,2.230057,6
T4TOR,41.422453,2.229303,7
T4TOR,41.4211,2.228168,8
T4TOR,41.420253,2.227452,9
T4TOR,41.420086,2.227313,10
T4TOR,41.419974,2.227213,11
T4TOR,41.419882,2.227122,12
T4TOR,41.419683,2.226922,13
T4TOR,41.419481,2.226719,14
T4TOR,41.419351,2.22659,15
T4TOR,41.419219,2.226471,16
T4TOR,41.418875,2.226168,17
T4TOR,41.418354,2.225694,18
T4TOR,41.417817,2.225223,19
T4TOR,41.417703,2.225123,20
T4TOR,41.417526,2.224968,21
T4TOR,41.417348,2.224815,22
T4TOR,41.417189,2.224677,23
T4TOR,41.416887,2.224408,24
T4TOR,41.416494,2.22406,25
T4TOR,41.415905,2.223528,26
T4TOR,41.41524,2.222929,27
T4TOR,41.41488,2.222596,28
T4TOR,41.414382,2.222148,29
T4TOR,41.414143,2.221929,30
T4TOR,41.413894,2.22171,31
T4TOR,41.413323,2.221195,32
T4TOR,41.412166,2.220149,33
T4TOR,41.411843,2.219864,34
T4TOR,41.411637,2.219674,35
T4TOR,41.411553,2.219596,36
T4TOR,41.411466,2.219473,37
T4TOR,41.411419,2.219324,38
T4TOR,41.411301,2.21888,39
T4TOR,41.411224,2.218576,40
T4TOR,41.410933,2.217392,41
T4TOR,41.410744,2.216654,42
T4TOR,41.410492,2.215632,43
T4TOR,41.410401,2.215272,44
T4TOR,41.410276,2.214734,45
T4TOR,41.410211,2.214485,46
T4TOR,41.41009,2.214026,47
T4TOR,41.4092,2.210463,48
T4TOR,41.407809,2.204912,49
T4TOR,41.406145,2.198232,50
T4TOR,41.404446,2.191495,51
T4TOR,41.404008,2.189741,52
T4TOR,41.403763,2.188721,53
T4TOR,41.403733,2.188617,54
T4TOR,41.40369,2.188549,55
T4TOR,41.403609,2.188488,56
T4TOR,41.40351,2.188439,57
T4TOR,41.403402,2.188392,58
T4TOR,41.403288,2.188345,59
T4TOR,41.403173,2.188293,60
T4TOR,41.403096,2.18825,61
T4TOR,41.402961,2.188157,62
T4TOR,41.402861,2.188068,63
T4TOR,41.402779,2.187988,64
T4TOR,41.402674,2.187858,65
T4TOR,41.402578,2.18772,66
T4TOR,41.402505,2.187593,67
T4TOR,41.402417,2.187409,68
T4TOR,41.402358,2.187255,69
T4TOR,41.402291,2.187092,70
T4TOR,41.402272,2.187049,71
T4TOR,41.402242,2.186995,72
T4TOR,41.402199,2.18695,73
T4TOR,41.402148,2.186917,74
T4TOR,41.402062,2.186901,75
T4TOR,41.401701,2.186896,76
T4TOR,41.401256,2.186895,77
T4TOR,41.400148,2.186892,78
T4TOR,41.399868,2.186892,79
T4TOR,41.399543,2.186891,80
T4TOR,41.399178,2.186891,81
T4TOR,41.398714,2.18689,82
T4TOR,41.39852,2.186885,83
T4TOR,41.398235,2.186884,84
T4TOR,41.397536,2.18688,85
T4TOR,41.396769,2.186873,86
T4TOR,41.396478,2.18687,87
T4TOR,41.395641,2.186867,88
T4TOR,41.395329,2.186866,89
T4TOR,41.395132,2.186879,90
T4TOR,41.394906,2.186903,91
T4TOR,41.394786,2.186911,92
T4TOR,41.394646,2.186913,93
T4TOR,41.394071,2.186914,94
T4TOR,41.393282,2.186907,95
T4TOR,41.392772,2.186903,96
T4TOR,41.391891,2.186903,97
T4TOR,41.391769,2.186901,98
T4TOR,41.391679,2.186902,99
T4TOR,41.391587,2.186909,100
T4TOR,41.391477,2.186932,101
T4TOR,41.391418,2.186956,102
T4TOR,41.391362,2.186996,103
T4TOR,41.391301,2.18705,104
T4TOR,41.390173,2.188524,105
T4TOR,41.389609,2.189281,106
T4TOR,41.388109,2.191262,107
T4TOR,41.387965,2.191456,108
T4TOR,41.387606,2.191928,109
T5ANA,41.401703,2.186892,1
T5ANA,41.401961,2.186892,2
T5ANA,41.402078,2.186898,3
T5ANA,41.40215,2.186913,4
T5ANA,41.402206,2.186941,5
T5ANA,41.402246,2.186991,6
T5ANA,41.402296,2.187087,7
T5ANA,41.40233,2.187173,8
T5ANA,41.402371,2.187279,9
T5ANA,41.402418,2.187405,10
T5ANA,41.402509,2.187597,11
T5ANA,41.402578,2.187711,12
T5ANA,41.40278,2.187982,13
T5ANA,41.402866,2.188068,14
T5ANA,41.402966,2.188155,15
T5ANA,41.403013,2.188187,16
T5ANA,41.403095,2.188242,17
T5ANA,41.403171,2.188286,18
T5ANA,41.403243,2.188318,19
T5ANA,41.403356,2.188362,20
T5ANA,41.403421,2.188377,21
T5ANA,41.403526,2.188386,22
T5ANA,41.403684,2.188388,23
T5ANA,41.40383,2.188399,24
T5ANA,41.403932,2.188433,25
T5ANA,41.404016,2.188479,26
T5ANA,41.404199,2.188582,27
T5ANA,41.404409,2.188697,28
T5ANA,41.404482,2.188749,29
T5ANA,41.404543,2.18881,30
T5ANA,41.404622,2.188912,31
T5ANA,41.404726,2.18903,32
T5ANA,41.404805,2.1891,33
T5ANA,41.4049,2.189184,34
T5ANA,41.405001,2.189312,35
T5ANA,41.405062,2.189394,36
T5ANA,41.406841,2.191753,37
T5ANA,41.407453,2.192568,38
T5ANA,41.407485,2.192615,39
T5ANA,41.40759,2.192783,40
T5ANA,41.407646,2.192886,41
T5ANA,41.407678,2.192961,42
T5ANA,41.407725,2.193071,43
T5ANA,41.407766,2.193151,44
T5ANA,41.407797,2.193193,45
T5ANA,41.408057,2.193534,46
T5ANA,41.408114,2.193607,47
T5ANA,41.408255,2.193806,48
T5ANA,41.408332,2.193902,49
T5ANA,41.408404,2.193998,50
T5ANA,41.408644,2.194316,51
T5ANA,41.408791,2.19451,52
T5ANA,41.411263,2.197821,53
T5ANA,41.416403,2.20472,54
T5ANA,41.420059,2.20953,55
T5ANA,41.420422,2.209986,56
T5ANA,41.420701,2.210363,57
T5ANA,41.420854,2.210572,58
T5ANA,41.420891,2.210642,59
T5ANA,41.420913,2.210742,60
T5ANA,41.42091,2.210829,61
T5ANA,41.42088,2.210936,62
T5ANA,41.420818,2.211029,63
T5ANA,41.420767,2.21106,64
T5ANA,41.420686,2.211075,65
T5ANA,41.420595,2.211068,66
T5ANA,41.420416,2.211041,67
T5ANA,41.420032,2.210984,68
T5ANA,41.419946,2.210966,69
T5ANA,41.419882,2.210938,70
T5ANA,41.419786,2.210881,71
T5ANA,41.419637,2.210777,72
T5ANA,41.419586,2.210742,73
T5ANA,41.419534,2.210714,74
T5ANA,41.419487,2.210699,75
T5ANA,41.419446,2.210695,76
T5ANA,41.419403,2.2107,77
T5ANA,41.419356,2.210716,78
T5ANA,41.419315,2.210742,79
T5ANA,41.419283,2.210773,80
T5ANA,41.41921,2.210861,81
T5ANA,41.418607,2.211664,82
T5ANA,41.417744,2.212816,83
T5ANA,41.41719,2.213556,84
T5ANA,41.416916,2.213937,85
T5ANA,41.416901,2.213979,86
T5ANA,41.416889,2.214028,87
T5ANA,41.416882,2.21408,88
T5ANA,41.416883,2.21415,89
T5ANA,41.41689,2.214203,90
T5ANA,41.416924,2.214298,91
T5ANA,41.416968,2.214366,92
T5ANA,41.417,2.21441,93
T5ANA,41.417113,2.21456,94
T5ANA,41.417996,2.215737,95
T5ANA,41.418317,2.216161,96
T5ANA,41.418894,2.216929,97
T5ANA,41.419082,2.217176,98
T5ANA,41.41943,2.217633,99
T5ANA,41.419583,2.217844,100
T5ANA,41.419734,2.218042,101
T5ANA,41.420428,2.218958,102
T5ANA,41.420955,2.219666,103
T5ANA,41.421429,2.220283,104
T5ANA,41.422033,2.221109,105
T5ANA,41.42225,2.22141,106
T5ANA,41.42242,2.221635,107
T5ANA,41.42264,2.221941,108
T5ANA,41.422846,2.222207,109
T5ANA,41.422926,2.222311,110
T5ANA,41.423052,2.222483,111
T5ANA,41.423184,2.222632,112
T5ANA,41.423292,2.22274,113
T5ANA,41.423382,2.222825,114
T5ANA,41.423673,2.223083,115
T5ANA,41.424939,2.224188,116
T5ANA,41.425163,2.224384,117
T5ANA,41.425883,2.225014,118
T5ANA,41.426817,2.225828,119
T5ANA,41.426867,2.225879,120
T5ANA,41.426905,2.22591,121
T5ANA,41.426971,2.225937,122
T5ANA,41.427034,2.225945,123
T5ANA,41.427093,2.225927,124
T5ANA,41.427147,2.225892,125
T5ANA,41.427204,2.225797,126
T5ANA,41.42739,2.225406,127
T5ANA,41.427902,2.224359,128
T5ANA,41.427989,2.224174,129
T5ANA,41.428744,2.222646,130
T5ANA,41.428854,2.222447,131
T5ANA,41.428954,2.222292,132
T5ANA,41.429032,2.222224,133
T5ANA,41.429185,2.222145,134
T5ANA,41.429241,2.222113,135
T5ANA,41.429429,2.222037,136
T5ANA,41.42959,2.222034,137
T5ANA,41.429684,2.222054,138
T5ANA,41.429817,2.22208,139
T5ANA,41.429945,2.222179,140
T5ANA,41.431868,2.224148,141
T5ANA,41.432085,2.224364,142
T5ANA,41.432454,2.224748,143
T5ANA,41.432552,2.224855,144
T5ANA,41.432659,2.224974,145
T5ANA,41.432922,2.225264,146
T5ANA,41.433054,2.225406,147
T5ANA,41.433212,2.225579,148
T5ANA,41.433347,2.225728,149
T5ANA,41.43349,2.225891,150
T5ANA,41.433649,2.226076,151
T5ANA,41.433889,2.226366,152
T5ANA,41.434042,2.226543,153
T5ANA,41.43416,2.226683,154
T5ANA,41.434386,2.226952,155
T5ANA,41.434427,2.226998,156
T5ANA,41.434678,2.227292,157
T5ANA,41.434947,2.227594,158
T5ANA,41.435359,2.228055,159
T5ANA,41.436289,2.229097,160
T5ANA,41.437336,2.230271,161
T5ANA,41.438213,2.231254,162
T5ANA,41.43895,2.23208,163
T5ANA,41.43934,2.232511,164
T5ANA,41.439493,2.23268,165
T5ANA,41.439596,2.232797,166
T5ANA,41.439971,2.233225,167
T5TOR,41.439971,2.233225,1
T5TOR,41.439596,2.232797,2
T5TOR,41.439493,2.23268,3
T5TOR,41.43934,2.232511,4
T5TOR,41.43895,2.23208,5
T5TOR,41.438213,2.231254,6
T5TOR,41.437336,2.230271,7
T5TOR,41.436289,2.229097,8
T5TOR,41.435359,2.228055,9
T5TOR,41.434947,2.227594,10
T5TOR,41.434678,2.227292,11
T5TOR,41.434427,2.226998,12
T5TOR,41.434386,2.226952,13
T5TOR,41.43416,2.226683,14
T5TOR,41.434042,2.226543,15
T5TOR,41.433889,2.226366,16
T5TOR,41.433649,2.226076,17
T5TOR,41.43349,2.225891,18
T5TOR,41.433347,2.225728,19
T5TOR,41.433212,2.225579,20
T5TOR,41.433054,2.225406,21
T5TOR,41.432922,2.225264,22
T5TOR,41.432659,2.224974,23
T5TOR,41.432552,2.224855,24
T5TOR,41.432454,2.224748,25
T5TOR,41.432085,2.224364,26
T5TOR,41.431868,2.224148,27
T5TOR,41.429945,2.222179,28
T5TOR,41.429817,2.22208,29
T5TOR,41.429684,2.222054,30
T5TOR,41.42959,2.222034,31
T5TOR,41.429429,2.222037,32
T5TOR,41.429241,2.222113,33
T5TOR,41.429185,2.222145,34
T5TOR,41.429032,2.222224,35
T5TOR,41.428954,2.222292,36
T5TOR,41.428854,2.222447,37
T5TOR,41.428744,2.222646,38
T5TOR,41.427989,2.224174,39
T5TOR,41.427902,2.224359,40
T5TOR,41.42739,2.225406,41
T5TOR,41.427204,2.225797,42
T5TOR,41.427147,2.225892,43
T5TOR,41.427093,2.225927,44
T5TOR,41.427034,2.225945,45
T5TOR,41.426971,2.225937,46
T5TOR,41.426905,2.22591,47
T5TOR,41.426867,2.225879,48
T5TOR,41.426817,2.225828,49
T5TOR,41.425883,2.225014,50
T5TOR,41.425163,2.224384,51
T5TOR,41.424939,2.224188,52
T5TOR,41.423673,2.223083,53
T5TOR,41.423382,2.222825,54
T5TOR,41.423292,2.22274,55
T5TOR,41.423184,2.222632,56
T5TOR,41.423052,2.222483,57
T5TOR,41.422926,2.222311,58
T5TOR,41.422846,2.222207,59
T5TOR,41.42264,2.221941,60
T5TOR,41.42242,2.221635,61
T5TOR,41.42225,2.22141,62
T5TOR,41.422033,2.221109,63
T5TOR,41.421429,2.220283,64
T5TOR,41.420955,2.219666,65
T5TOR,41.420428,2.218958,66
T5TOR,41.419734,2.218042,67
T5TOR,41.419583,2.217844,68
T5TOR,41.41943,2.217633,69
T5TOR,41.419082,2.217176,70
T5TOR,41.418894,2.216929,71
T5TOR,41.418317,2.216161,72
T5TOR,41.417996,2.215737,73
T5TOR,41.417113,2.21456,74
T5TOR,41.417,2.21441,75
T5TOR,41.416968,2.214366,76
T5TOR,41.416924,2.214298,77
T5TOR,41.41689,2.214203,78
T5TOR,41.416883,2.21415,79
T5TOR,41.416882,2.21408,80
T5TOR,41.416889,2.214028,81
T5TOR,41.416901,2.213979,82
T5TOR,41.416916,2.213937,83
T5TOR,41.41719,2.213556,84
T5TOR,41.417744,2.212816,85
T5TOR,41.418607,2.211664,86
T5TOR,41.41921,2.210861,87
T5TOR,41.419283,2.210773,88
T5TOR,41.419315,2.210742,89
T5TOR,41.419356,2.210716,90
T5TOR,41.419403,2.2107,91
T5TOR,41.419446,2.210695,92
T5TOR,41.419487,2.210699,93
T5TOR,41.419534,2.210714,94
T5TOR,41.419586,2.210742,95
T5TOR,41.419637,2.210777,96
T5TOR,41.419786,2.210881,97
T5TOR,41.419882,2.210938,98
T5TOR,41.419946,2.210966,99
T5TOR,41.420032,2.210984,100
T5TOR,41.420416,2.211041,101
T5TOR,41.420595,2.211068,102
T5TOR,41.420686,2.211075,103
T5TOR,41.420767,2.21106,104
T5TOR,41.420818,2.211029,105
T5TOR,41.42088,2.210936,106
T5TOR,41.42091,2.210829,107
T5TOR,41.420913,2.210742,108
T5TOR,41.420891,2.210642,109
T5TOR,41.420854,2.210572,110
T5TOR,41.420701,2.210363,111
T5TOR,41.420422,2.209986,112
T5TOR,41.420059,2.20953,113
T5TOR,41.416403,2.20472,114
T5TOR,41.411263,2.197821,115
T5TOR,41.408791,2.19451,116
T5TOR,41.408644,2.194316,117
T5TOR,41.408404,2.193998,118
T5TOR,41.408332,2.193902,119
T5TOR,41.408255,2.193806,120
T5TOR,41.408114,2.193607,121
T5TOR,41.408057,2.193534,122
T5TOR,41.407797,2.193193,123
T5TOR,41.407766,2.193151,124
T5TOR,41.407725,2.193071,125
T5TOR,41.407678,2.192961,126
T5TOR,41.407646,2.192886,127
T5TOR,41.40759,2.192783,128
T5TOR,41.407485,2.192615,129
T5TOR,41.407453,2.192568,130
T5TOR,41.406841,2.191753,131
T5TOR,41.405062,2.189394,132
T5TOR,41.405001,2.189312,133
T5TOR,41.4049,2.189184,134
T5TOR,41.404805,2.1891,135
T5TOR,41.404726,2.18903,136
T5TOR,41.404622,2.188912,137
T5TOR,41.404543,2.18881,138
T5TOR,41.404482,2.188749,139
T5TOR,41.404409,2.188697,140
T5TOR,41.404199,2.188582,141
T5TOR,41.404016,2.188479,142
T5TOR,41.403932,2.188433,143
T5TOR,41.40383,2.188399,144
T5TOR,41.403684,2.188388,145
T5TOR,41.403526,2.188386,146
T5TOR,41.403421,2.188377,147
T5TOR,41.403356,2.188362,148
T5TOR,41.403243,2.188318,149
T5TOR,41.403171,2.188286,150
T5TOR,41.403095,2.188242,151
T5TOR,41.403013,2.188187,152
T5TOR,41.402966,2.188155,153
T5TOR,41.402866,2.188068,154
T5TOR,41.40278,2.187982,155
T5TOR,41.402578,2.187711,156
T5TOR,41.402509,2.187597,157
T5TOR,41.402418,2.187405,158
T5TOR,41.402371,2.187279,159
T5TOR,41.40233,2.187173,160
T5TOR,41.402296,2.187087,161
T5TOR,41.402246,2.186991,162
T5TOR,41.402206,2.186941,163
T5TOR,41.40215,2.186913,164
T5TOR,41.402078,2.186898,165
T5TOR,41.401961,2.186892,166
T5TOR,41.401703,2.186892,167
T6ANA,41.40169,2.18689,1
T6ANA,41.40201,2.1869,2
T6ANA,41.40212,2.18692,3
T6ANA,41.40222,2.18697,4
T6ANA,41.40229,2.18708,5
T6ANA,41.40231,2.18717,6
T6ANA,41.40236,2.18728,7
T6ANA,41.40241,2.1874,8
T6ANA,41.40246,2.18752,9
T6ANA,41.40254,2.18766,10
T6ANA,41.40273,2.18791,11
T6ANA,41.40287,2.18807,12
T6ANA,41.40295,2.18815,13
T6ANA,41.40306,2.18823,14
T6ANA,41.40315,2.18827,15
T6ANA,41.40328,2.18833,16
T6ANA,41.40337,2.18837,17
T6ANA,41.40348,2.1884,18
T6ANA,41.40365,2.18839,19
T6ANA,41.40377,2.18841,20
T6ANA,41.4039,2.18843,21
T6ANA,41.40398,2.18846,22
T6ANA,41.40419,2.18857,23
T6ANA,41.40437,2.18868,24
T6ANA,41.40437,2.18869,25
T6ANA,41.40446,2.18873,26
T6ANA,41.4045,2.18877,27
T6ANA,41.40455,2.18883,28
T6ANA,41.4046,2.18889,29
T6ANA,41.40465,2.18895,30
T6ANA,41.40468,2.18899,31
T6ANA,41.40471,2.18902,32
T6ANA,41.4048,2.18909,33
T6ANA,41.40488,2.18915,34
T6ANA,41.40494,2.18923,35
T6ANA,41.40507,2.1894,36
T6ANA,41.40682,2.19173,37
T6ANA,41.40733,2.19241,38
T6ANA,41.40749,2.19261,39
T6ANA,41.40756,2.19275,40
T6ANA,41.40762,2.19286,41
T6ANA,41.40768,2.19299,42
T6ANA,41.40774,2.19312,43
T6ANA,41.40781,2.19321,44
T6ANA,41.4081,2.19358,45
T6ANA,41.40839,2.19396,46
T6ANA,41.40872,2.19438,47
T6ANA,41.4091,2.19491,48
T6ANA,41.40951,2.19544,49
T6ANA,41.41031,2.19647,50
T6ANA,41.41138,2.1979,51
T6ANA,41.41445,2.20201,52
T6ANA,41.41648,2.20473,53
T6ANA,41.42005,2.20951,54
T6ANA,41.42082,2.21059,55
T6ANA,41.42089,2.21073,56
T6ANA,41.42091,2.2108,57
T6ANA,41.42088,2.21089,58
T6ANA,41.42082,2.21099,59
T6ANA,41.42076,2.21104,60
T6ANA,41.42066,2.21107,61
T6ANA,41.41997,2.21097,62
T6ANA,41.41981,2.21089,63
T6ANA,41.41963,2.21077,64
T6ANA,41.41945,2.2107,65
T6ANA,41.41936,2.21071,66
T6ANA,41.41925,2.21082,67
T6ANA,41.41919,2.2109,68
T6ANA,41.41702,2.21379,69
T6ANA,41.4169,2.21396,70
T6ANA,41.41685,2.21406,71
T6ANA,41.41685,2.21414,72
T6ANA,41.41686,2.21423,73
T6ANA,41.4169,2.21433,74
T6ANA,41.41844,2.21634,75
T6ANA,41.41994,2.21832,76
T6ANA,41.42,2.21843,77
T6ANA,41.42003,2.21865,78
T6ANA,41.41988,2.21898,79
T6ANA,41.41835,2.22102,80
T6ANA,41.41653,2.22348,81
T6ANA,41.41645,2.2236,82
T6ANA,41.41643,2.22373,83
T6ANA,41.41644,2.2239,84
T6ANA,41.41649,2.22404,85
T6ANA,41.4166,2.22416,86
T6ANA,41.41826,2.22564,87
T6ANA,41.41883,2.22612,88
T6ANA,41.41926,2.2265,89
T6ANA,41.4197,2.22696,90
T6ANA,41.42029,2.22749,91
T6ANA,41.42115,2.22821,92
T6ANA,41.42395,2.23054,93
T6TOR,41.42395,2.23054,1
T6TOR,41.42115,2.22821,2
T6TOR,41.42029,2.22749,3
T6TOR,41.4197,2.22696,4
T6TOR,41.41926,2.2265,5
T6TOR,41.41883,2.22612,6
T6TOR,41.41826,2.22564,7
T6TOR,41.4166,2.22416,8
T6TOR,41.41649,2.22404,9
T6TOR,41.41644,2.2239,10
T6TOR,41.41643,2.22373,11
T6TOR,41.41645,2.2236,12
T6TOR,41.41653,2.22348,13
T6TOR,41.41835,2.22102,14
T6TOR,41.41988,2.21898,15
T6TOR,41.42003,2.21865,16
T6TOR,41.42,2.21843,17
T6TOR,41.41994,2.21832,18
T6TOR,41.41844,2.21634,19
T6TOR,41.4169,2.21433,20
T6TOR,41.41686,2.21423,21
T6TOR,41.41685,2.21414,22
T6TOR,41.41685,2.21406,23
T6TOR,41.4169,2.21396,24
T6TOR,41.41702,2.21379,25
T6TOR,41.41919,2.2109,26
T6TOR,41.41925,2.21082,27
T6TOR,41.41936,2.21071,28
T6TOR,41.41945,2.2107,29
T6TOR,41.41963,2.21077,30
T6TOR,41.41981,2.21089,31
T6TOR,41.41997,2.21097,32
T6TOR,41.42066,2.21107,33
T6TOR,41.42076,2.21104,34
T6TOR,41.42082,2.21099,35
T6TOR,41.42088,2.21089,36
T6TOR,41.42091,2.2108,37
T6TOR,41.42089,2.21073,38
T6TOR,41.42082,2.21059,39
T6TOR,41.42005,2.20951,40
T6TOR,41.41648,2.20473,41
T6TOR,41.41445,2.20201,42
T6TOR,41.41138,2.1979,43
T6TOR,41.41031,2.19647,44
T6TOR,41.40951,2.19544,45
T6TOR,41.4091,2.19491,46
T6TOR,41.40872,2.19438,47
T6TOR,41.40839,2.19396,48
T6TOR,41.4081,2.19358,49
T6TOR,41.40781,2.19321,50
T6TOR,41.40774,2.19312,51
T6TOR,41.40768,2.19299,52
T6TOR,41.40762,2.19286,53
T6TOR,41.40756,2.19275,54
T6TOR,41.40749,2.19261,55
T6TOR,41.40733,2.19241,56
T6TOR,41.40682,2.19173,57
T6TOR,41.40507,2.1894,58
T6TOR,41.40494,2.18923,59
T6TOR,41.40488,2.18915,60
T6TOR,41.4048,2.18909,61
T6TOR,41.40471,2.18902,62
T6TOR,41.40468,2.18899,63
T6TOR,41.40465,2.18895,64
T6TOR,41.4046,2.18889,65
T6TOR,41.40455,2.18883,66
T6TOR,41.4045,2.18877,67
T6TOR,41.40446,2.18873,68
T6TOR,41.40437,2.18869,69
T6TOR,41.40437,2.18868,70
T6TOR,41.40419,2.18857,71
T6TOR,41.40398,2.18846,72
T6TOR,41.4039,2.18843,73
T6TOR,41.40377,2.18841,74
T6TOR,41.40365,2.18839,75
T6TOR,41.40348,2.1884,76
T6TOR,41.40337,2.18837,77
T6TOR,41.40328,2.18833,78
T6TOR,41.40315,2.18827,79
T6TOR,41.40306,2.18823,80
T6TOR,41.40295,2.18815,81
T6TOR,41.40287,2.18807,82
T6TOR,41.40273,2.18791,83
T6TOR,41.40254,2.18766,84
T6TOR,41.40246,2.18752,85
T6TOR,41.40241,2.1874,86
T6TOR,41.40236,2.18728,87
T6TOR,41.40231,2.18717,88
T6TOR,41.40229,2.18708,89
T6TOR,41.40222,2.18697,90
T6TOR,41.40212,2.18692,91
T6TOR,41.40201,2.1869,92
T6TOR,41.40169,2.18689,93